{
  "asset": {
    "version": "2.0",
    "generator": "3dpea GLTFExporter"
  },
  "scenes": [
    {
      "name": "AuxScene",
      "nodes": [
        102
      ]
    }
  ],
  "scene": 0,
  "nodes": [
    {
      "rotation": [
        0.161572503366336,
        0.024942919235064247,
        -0.019906833176482955,
        0.986344714048864
      ],
      "translation": [
        -0.15659284591674805,
        13.431679725646969,
        0.5993173122406006
      ],
      "scale": [
        1.0000001195114792,
        1.0000002323070094,
        1.0000000058093792
      ],
      "name": "CC_Base_L_ToeBaseShareBone",
      "extras": {
        "name": "CC_Base_L_ToeBaseShareBone",
        "transformData": {
          "eulerOrder": "ZYX",
          "translation": [
            -0.15659284591674805,
            13.431679725646973,
            0.5993173122406006
          ],
          "rotation": [
            18.55605125427246,
            3.189436674118042,
            -1.7912569046020508
          ],
          "scale": [
            1.0000001192092896,
            1.000000238418579,
            1
          ],
          "parentMatrix": {
            "elements": [
              0.9939114159092322,
              0.014534971011888947,
              0.10921918578616592,
              0,
              -0.10989439749443436,
              0.20235743620932609,
              0.9731260671785107,
              0,
              -0.007956956566606466,
              -0.979203849421201,
              0.2027227120922637,
              0,
              -0.3154792785644558,
              49.82190322875975,
              0.33077746629714944,
              1
            ]
          },
          "parentMatrixWorld": {
            "elements": [
              -0.9940854464724822,
              0.008664979704671446,
              0.10825452846662917,
              0,
              0.10358300117258319,
              -0.223844575043432,
              0.9691047059921287,
              0,
              0.03262945532247015,
              0.9745862603615683,
              0.2216231455991131,
              0,
              7.787051425766181,
              5.5374733775805325,
              -0.7613280810497325,
              1
            ]
          }
        }
      }
    },
    {
      "rotation": [
        -0.2563588606504359,
        0.032872894886009564,
        -0.035425248858361985,
        0.9653727565736038
      ],
      "translation": [
        -2.9753284454345703,
        0.25283241271972656,
        -0.40603971481323264
      ],
      "scale": [
        0.9999998225776431,
        0.9999999316416848,
        0.9999998285481779
      ],
      "name": "CC_Base_L_PinkyToe1",
      "extras": {
        "name": "CC_Base_L_PinkyToe1",
        "transformData": {
          "eulerOrder": "ZYX",
          "translation": [
            -2.9753284454345703,
            0.25283241271972656,
            -0.4060397148132324
          ],
          "rotation": [
            -29.854816436767578,
            2.596734046936035,
            -4.895535469055176
          ],
          "scale": [
            0.9999998211860657,
            0.9999998807907104,
            0.9999998807907104
          ],
          "parentMatrix": {
            "elements": [
              0.9979817046871016,
              -0.031283434199397914,
              -0.0552682522875427,
              0,
              0.04728896912150268,
              0.9469440596400325,
              0.3179015639060862,
              0,
              0.04239086576030842,
              -0.319873336407416,
              0.9465116550831576,
              0,
              -0.16439437866210938,
              13.277109146118162,
              0.5464324951171884,
              1
            ]
          },
          "parentMatrixWorld": {
            "elements": [
              -0.9971228934453724,
              -0.03821356106262539,
              0.06547039163326272,
              0,
              0.06145098653410877,
              0.09826396366799392,
              0.9932615341461121,
              0,
              -0.044389423134125555,
              0.9944264813634525,
              -0.09563286210390362,
              0,
              9.343586092013116,
              3.09658565096408,
              12.208886526905324,
              1
            ]
          }
        }
      }
    },
    {
      "rotation": [
        -0.28450107733114394,
        0.04845820854830778,
        -0.017650646683812922,
        0.9572875189161443
      ],
      "translation": [
        -1.5354394912719744,
        1.3723058700561523,
        0.041231393814086914
      ],
      "scale": [
        0.9999998833069148,
        0.999999942511438,
        0.9999997569491605
      ],
      "name": "CC_Base_L_RingToe1",
      "extras": {
        "name": "CC_Base_L_RingToe1",
        "transformData": {
          "eulerOrder": "ZYX",
          "translation": [
            -1.5354394912719727,
            1.3723058700561523,
            0.041231393814086914
          ],
          "rotation": [
            -33.24971008300781,
            4.745711803436279,
            -3.5303595066070557
          ],
          "scale": [
            0.9999998807907104,
            0.9999998807907104,
            0.9999998211860657
          ],
          "parentMatrix": {
            "elements": [
              0.9979817046871016,
              -0.031283434199397914,
              -0.0552682522875427,
              0,
              0.04728896912150268,
              0.9469440596400325,
              0.3179015639060862,
              0,
              0.04239086576030842,
              -0.319873336407416,
              0.9465116550831576,
              0,
              -0.16439437866210938,
              13.277109146118162,
              0.5464324951171884,
              1
            ]
          },
          "parentMatrixWorld": {
            "elements": [
              -0.9971228934453724,
              -0.03821356106262539,
              0.06547039163326272,
              0,
              0.06145098653410877,
              0.09826396366799392,
              0.9932615341461121,
              0,
              -0.044389423134125555,
              0.9944264813634525,
              -0.09563286210390362,
              0,
              9.343586092013116,
              3.09658565096408,
              12.208886526905324,
              1
            ]
          }
        }
      }
    },
    {
      "rotation": [
        -0.21773909499857166,
        0.03732497100557164,
        -0.0016437939815373717,
        0.9752916646103533
      ],
      "translation": [
        -0.04907512664794922,
        2.3940277099609375,
        0.12261438369750932
      ],
      "scale": [
        0.9999997632344285,
        0.9999998584827477,
        0.9999998418410334
      ],
      "name": "CC_Base_L_MidToe1",
      "extras": {
        "name": "CC_Base_L_MidToe1",
        "transformData": {
          "eulerOrder": "ZYX",
          "translation": [
            -0.04907512664794922,
            2.3940277099609375,
            0.12261438369750977
          ],
          "rotation": [
            -25.21076011657715,
            4.134017467498779,
            -1.117987871170044
          ],
          "scale": [
            0.9999997615814209,
            0.9999998211860657,
            0.9999998807907104
          ],
          "parentMatrix": {
            "elements": [
              0.9979817046871016,
              -0.031283434199397914,
              -0.0552682522875427,
              0,
              0.04728896912150268,
              0.9469440596400325,
              0.3179015639060862,
              0,
              0.04239086576030842,
              -0.319873336407416,
              0.9465116550831576,
              0,
              -0.16439437866210938,
              13.277109146118162,
              0.5464324951171884,
              1
            ]
          },
          "parentMatrixWorld": {
            "elements": [
              -0.9971228934453724,
              -0.03821356106262539,
              0.06547039163326272,
              0,
              0.06145098653410877,
              0.09826396366799392,
              0.9932615341461121,
              0,
              -0.044389423134125555,
              0.9944264813634525,
              -0.09563286210390362,
              0,
              9.343586092013116,
              3.09658565096408,
              12.208886526905324,
              1
            ]
          }
        }
      }
    },
    {
      "rotation": [
        -0.2296759510659282,
        0.04349653873753579,
        0.007201390773103186,
        0.9722680436472303
      ],
      "translation": [
        1.6048502922058097,
        2.6315793991088867,
        0.3751181364059446
      ],
      "scale": [
        0.999999883192941,
        0.9999999813968233,
        0.9999998373870312
      ],
      "name": "CC_Base_L_IndexToe1",
      "extras": {
        "name": "CC_Base_L_IndexToe1",
        "transformData": {
          "eulerOrder": "ZYX",
          "translation": [
            1.6048502922058105,
            2.6315793991088867,
            0.3751181364059448
          ],
          "rotation": [
            -26.59744644165039,
            5.042149066925049,
            -0.34378066658973694
          ],
          "scale": [
            0.9999998807907104,
            0.9999999403953552,
            0.9999998807907104
          ],
          "parentMatrix": {
            "elements": [
              0.9979817046871016,
              -0.031283434199397914,
              -0.0552682522875427,
              0,
              0.04728896912150268,
              0.9469440596400325,
              0.3179015639060862,
              0,
              0.04239086576030842,
              -0.319873336407416,
              0.9465116550831576,
              0,
              -0.16439437866210938,
              13.277109146118162,
              0.5464324951171884,
              1
            ]
          },
          "parentMatrixWorld": {
            "elements": [
              -0.9971228934453724,
              -0.03821356106262539,
              0.06547039163326272,
              0,
              0.06145098653410877,
              0.09826396366799392,
              0.9932615341461121,
              0,
              -0.044389423134125555,
              0.9944264813634525,
              -0.09563286210390362,
              0,
              9.343586092013116,
              3.09658565096408,
              12.208886526905324,
              1
            ]
          }
        }
      }
    },
    {
      "rotation": [
        -0.06000256887657827,
        0.0008704483659512813,
        0.01856084460646319,
        0.9980252647579123
      ],
      "translation": [
        3.8133826255798313,
        2.319846153259279,
        0.010235071182250977
      ],
      "scale": [
        0.9999997617279373,
        0.9999997047974885,
        0.9999998182188374
      ],
      "name": "CC_Base_L_BigToe1",
      "extras": {
        "name": "CC_Base_L_BigToe1",
        "transformData": {
          "eulerOrder": "ZYX",
          "translation": [
            3.813382625579834,
            2.3198461532592773,
            0.010235071182250977
          ],
          "rotation": [
            -6.8769121170043945,
            0.22717005014419556,
            2.117229461669922
          ],
          "scale": [
            0.9999997615814209,
            0.9999997019767761,
            0.9999998211860657
          ],
          "parentMatrix": {
            "elements": [
              0.9979817046871016,
              -0.031283434199397914,
              -0.0552682522875427,
              0,
              0.04728896912150268,
              0.9469440596400325,
              0.3179015639060862,
              0,
              0.04239086576030842,
              -0.319873336407416,
              0.9465116550831576,
              0,
              -0.16439437866210938,
              13.277109146118162,
              0.5464324951171884,
              1
            ]
          },
          "parentMatrixWorld": {
            "elements": [
              -0.9971228934453724,
              -0.03821356106262539,
              0.06547039163326272,
              0,
              0.06145098653410877,
              0.09826396366799392,
              0.9932615341461121,
              0,
              -0.044389423134125555,
              0.9944264813634525,
              -0.09563286210390362,
              0,
              9.343586092013116,
              3.09658565096408,
              12.208886526905324,
              1
            ]
          }
        }
      }
    },
    {
      "rotation": [
        0.1616524697908326,
        0.024752992511427173,
        -0.019915210794189914,
        0.9863362270314155
      ],
      "translation": [
        -0.16439437866210938,
        13.277109146118162,
        0.5464324951171884
      ],
      "scale": [
        1.0000003579281296,
        1.0000003515107911,
        1.0000001250261055
      ],
      "name": "CC_Base_L_ToeBase",
      "extras": {
        "name": "CC_Base_L_ToeBase",
        "transformData": {
          "eulerOrder": "ZYX",
          "translation": [
            -0.16439437866210938,
            13.277109146118164,
            0.5464324951171875
          ],
          "rotation": [
            18.565471649169922,
            3.168250799179077,
            -1.7954457998275757
          ],
          "scale": [
            1.0000003576278687,
            1.0000003576278687,
            1.0000001192092896
          ],
          "parentMatrix": {
            "elements": [
              0.9939114159092322,
              0.014534971011888947,
              0.10921918578616592,
              0,
              -0.10989439749443436,
              0.20235743620932609,
              0.9731260671785107,
              0,
              -0.007956956566606466,
              -0.979203849421201,
              0.2027227120922637,
              0,
              -0.3154792785644558,
              49.82190322875975,
              0.33077746629714944,
              1
            ]
          },
          "parentMatrixWorld": {
            "elements": [
              -0.9940854464724822,
              0.008664979704671446,
              0.10825452846662917,
              0,
              0.10358300117258319,
              -0.223844575043432,
              0.9691047059921287,
              0,
              0.03262945532247015,
              0.9745862603615683,
              0.2216231455991131,
              0,
              7.787051425766181,
              5.5374733775805325,
              -0.7613280810497325,
              1
            ]
          }
        }
      },
      "children": [
        1,
        2,
        3,
        4,
        5
      ]
    },
    {
      "rotation": [
        0.6302442447688192,
        -0.03782638488976886,
        0.040167851629509595,
        0.7744339223099795
      ],
      "translation": [
        -0.3154792785644558,
        49.82190322875975,
        0.33077746629714944
      ],
      "scale": [
        0.9999999993016989,
        0.9999998267759802,
        0.9999999951083935
      ],
      "name": "CC_Base_L_Foot",
      "extras": {
        "name": "CC_Base_L_Foot",
        "transformData": {
          "eulerOrder": "ZYX",
          "translation": [
            -0.3154792785644531,
            49.821903228759766,
            0.33077746629714966
          ],
          "rotation": [
            78.23238372802734,
            -6.2703070640563965,
            0.8378340005874634
          ],
          "scale": [
            1,
            0.9999999403953552,
            0.9999998807907104
          ],
          "parentMatrix": {
            "elements": [
              0.9999991831887263,
              -0.0012424459357448065,
              -0.0002999159854519026,
              0,
              0.001232964441199244,
              0.999555645702108,
              -0.029776390344500924,
              0,
              0.0003367783318445055,
              0.029776001558281542,
              0.9995565397744544,
              0,
              -0.21477127075195668,
              47.6663055419922,
              -0.32578843832016,
              1
            ]
          },
          "parentMatrixWorld": {
            "elements": [
              -0.999675701630744,
              0.025456754848494002,
              -0.0006672486362437236,
              0,
              -0.025439093951832532,
              -0.9994893121935766,
              -0.019335151321148245,
              0,
              -0.0011591179749637227,
              -0.01931191261535796,
              0.9998128953387284,
              0,
              8.739481943819724,
              55.34835219204701,
              -0.12894012242380531,
              1
            ]
          }
        }
      },
      "children": [
        0,
        6
      ]
    },
    {
      "rotation": [
        -0.000003880354541231006,
        0.0005299087581901534,
        4.4190976688898444e-7,
        0.999999859590718
      ],
      "translation": [
        -0.15828895568847745,
        24.897514343261726,
        0.17087572813034058
      ],
      "scale": [
        0.999999999999933,
        0.9999999999999999,
        1.0000000000000666
      ],
      "name": "CC_Base_L_CalfTwist02",
      "extras": {
        "name": "CC_Base_L_CalfTwist02",
        "transformData": {
          "eulerOrder": "ZYX",
          "translation": [
            -0.15828895568847656,
            24.89751434326172,
            0.17087572813034058
          ],
          "rotation": [
            -0.0004446292296051979,
            0.06072307378053665,
            0.00005040352334617637
          ],
          "parentMatrix": {
            "elements": [
              0.9999999403280647,
              -3.1104598537340703e-7,
              -0.000011596711437495294,
              0,
              3.1107747736529996e-7,
              0.999999761577672,
              0.0000027203910156593956,
              0,
              0.00001159671059128492,
              -0.000002720395109396876,
              0.9999999403244131,
              0,
              0.000004768371580254893,
              0.00004120171070098877,
              -0.00000311434268951416,
              1
            ]
          },
          "parentMatrixWorld": {
            "elements": [
              -0.9996756206234756,
              0.025457288171256063,
              -0.0006788371239452411,
              0,
              -0.025439402016434104,
              -0.9994891185099385,
              -0.019332427036764657,
              0,
              -0.0011706416512028547,
              -0.019308897242452883,
              0.9998128805356689,
              0,
              8.73947613247022,
              55.3483111929087,
              -0.12894403600678733,
              1
            ]
          }
        }
      }
    },
    {
      "rotation": [
        0.0000013601967339732356,
        0.000005798355852906902,
        -1.5553088886405067e-7,
        0.9999999999822524
      ],
      "translation": [
        0.000004768371580254893,
        0.00004120171070098877,
        -0.00000311434268951416
      ],
      "scale": [
        0.999999940395355,
        0.9999997615814207,
        0.9999999403953552
      ],
      "name": "CC_Base_L_CalfTwist01",
      "extras": {
        "name": "CC_Base_L_CalfTwist01",
        "transformData": {
          "eulerOrder": "ZYX",
          "translation": [
            0.00000476837158203125,
            0.00004120171070098877,
            -0.00000311434268951416
          ],
          "rotation": [
            0.00015586696099489927,
            0.0006644426612183452,
            -0.000017821623259806074
          ],
          "scale": [
            0.9999999403953552,
            0.9999997615814209,
            0.9999999403953552
          ],
          "parentMatrix": {
            "elements": [
              0.9999991831887263,
              -0.0012424459357448065,
              -0.0002999159854519026,
              0,
              0.001232964441199244,
              0.999555645702108,
              -0.029776390344500924,
              0,
              0.0003367783318445055,
              0.029776001558281542,
              0.9995565397744544,
              0,
              -0.21477127075195668,
              47.6663055419922,
              -0.32578843832016,
              1
            ]
          },
          "parentMatrixWorld": {
            "elements": [
              -0.999675701630744,
              0.025456754848494002,
              -0.0006672486362437236,
              0,
              -0.025439093951832532,
              -0.9994893121935766,
              -0.019335151321148245,
              0,
              -0.0011591179749637227,
              -0.01931191261535796,
              0.9998128953387284,
              0,
              8.739481943819724,
              55.34835219204701,
              -0.12894012242380531,
              1
            ]
          }
        }
      },
      "children": [
        8
      ]
    },
    {
      "rotation": [
        0.00008592011364038708,
        0.016102434016212856,
        0.000008787839149111049,
        0.9998703436742492
      ],
      "translation": [
        0.000008583068844991715,
        0.00004132091999053955,
        -0.000004366040229797363
      ],
      "scale": [
        0.9999999999382065,
        0.9999997019767726,
        0.9999999404571518
      ],
      "name": "CC_Base_L_KneeShareBone",
      "extras": {
        "name": "CC_Base_L_KneeShareBone",
        "transformData": {
          "eulerOrder": "ZYX",
          "translation": [
            0.00000858306884765625,
            0.00004132091999053955,
            -0.000004366040229797363
          ],
          "rotation": [
            0.009865774773061275,
            1.8452826738357544,
            0.0011660263407975435
          ],
          "scale": [
            1,
            0.9999997019767761,
            0.9999999403953552
          ],
          "parentMatrix": {
            "elements": [
              0.9999991831887263,
              -0.0012424459357448065,
              -0.0002999159854519026,
              0,
              0.001232964441199244,
              0.999555645702108,
              -0.029776390344500924,
              0,
              0.0003367783318445055,
              0.029776001558281542,
              0.9995565397744544,
              0,
              -0.21477127075195668,
              47.6663055419922,
              -0.32578843832016,
              1
            ]
          },
          "parentMatrixWorld": {
            "elements": [
              -0.999675701630744,
              0.025456754848494002,
              -0.0006672486362437236,
              0,
              -0.025439093951832532,
              -0.9994893121935766,
              -0.019335151321148245,
              0,
              -0.0011591179749637227,
              -0.01931191261535796,
              0.9998128953387284,
              0,
              8.739481943819724,
              55.34835219204701,
              -0.12894012242380531,
              1
            ]
          }
        }
      }
    },
    {
      "rotation": [
        -0.01488975300360642,
        0.00015919125954643086,
        -0.000618921388444329,
        0.9998889372575082
      ],
      "translation": [
        -0.21477127075195668,
        47.6663055419922,
        -0.32578843832016
      ],
      "scale": [
        0.9999999999998106,
        0.9999998212390937,
        0.9999999999471619
      ],
      "name": "CC_Base_L_Calf",
      "extras": {
        "name": "CC_Base_L_Calf",
        "transformData": {
          "eulerOrder": "ZYX",
          "translation": [
            -0.21477127075195312,
            47.66630554199219,
            -0.3257884383201599
          ],
          "rotation": [
            -1.7063140869140625,
            0.017183920368552208,
            -0.07118692994117737
          ],
          "scale": [
            1,
            0.9999998211860657,
            1
          ],
          "parentMatrix": {
            "elements": [
              -0.9997068952580553,
              0.023624503651196758,
              -0.00529208736321319,
              0,
              -0.024209738973420877,
              -0.9765026936002312,
              0.21414074560490112,
              0,
              -0.0001087687320526444,
              0.21420608722319387,
              0.9767883608782932,
              0,
              9.6792573928833,
              -2.2223703861236714,
              0.1555700302123988,
              1
            ]
          },
          "parentMatrixWorld": {
            "elements": [
              -0.9997066409600303,
              0.024217894999543223,
              -0.00035437233471072825,
              0,
              -0.02422026995817053,
              -0.9996522021843351,
              0.010444692779871423,
              0,
              -0.0001013005668430645,
              0.010450211105317408,
              0.9999454495297447,
              0,
              9.679231463743786,
              103.006685363131,
              -0.30110548235039575,
              1
            ]
          }
        }
      },
      "children": [
        7,
        9,
        10
      ]
    },
    {
      "rotation": [
        -0.00000629224912516505,
        0.00006657256369559241,
        0.000054628132441674956,
        0.9999999962721342
      ],
      "translation": [
        -0.11507511138916016,
        23.832410812377915,
        -0.16815106570720673
      ],
      "scale": [
        0.9999998807907051,
        0.9999997615814212,
        0.9999998211860699
      ],
      "name": "CC_Base_L_ThighTwist02",
      "extras": {
        "name": "CC_Base_L_ThighTwist02",
        "transformData": {
          "eulerOrder": "ZYX",
          "translation": [
            -0.11507511138916016,
            23.83241081237793,
            -0.16815106570720673
          ],
          "rotation": [
            -0.0007206219015643001,
            0.0076286932453513145,
            0.006259874906390905
          ],
          "scale": [
            0.9999998807907104,
            0.9999997615814209,
            0.9999998211860657
          ],
          "parentMatrix": {
            "elements": [
              0.9999999225602578,
              -0.00012671177812667144,
              0.00014005110437748387,
              0,
              0.00012671416008343026,
              0.9999998726170709,
              -0.00001705295345592054,
              0,
              -0.00014004896746514832,
              0.000017070703680869617,
              1.0000001092567308,
              0,
              0.000004768371580254893,
              0.0000400543212890625,
              -8.642673491321418e-7,
              1
            ]
          },
          "parentMatrixWorld": {
            "elements": [
              -0.9997035087367888,
              0.024346024395768974,
              -0.00021565230833847003,
              0,
              -0.024346942132786827,
              -0.9996491843024493,
              0.010427594522193823,
              0,
              0.00003829384787214414,
              0.010429755789357027,
              0.9999457867082505,
              0,
              9.679225726732128,
              103.00664542918867,
              -0.3011059299052973,
              1
            ]
          }
        }
      }
    },
    {
      "rotation": [
        -0.000008530914322016493,
        -0.00007002501618857215,
        -0.00006335649050185259,
        0.9999999955048378
      ],
      "translation": [
        0.000004768371580254893,
        0.0000400543212890625,
        -8.642673491321418e-7
      ],
      "scale": [
        0.9999999403953522,
        0.9999998807907127,
        1.0000001192092907
      ],
      "name": "CC_Base_L_ThighTwist01",
      "extras": {
        "name": "CC_Base_L_ThighTwist01",
        "transformData": {
          "eulerOrder": "ZYX",
          "translation": [
            0.00000476837158203125,
            0.0000400543212890625,
            -8.642673492431641e-7
          ],
          "rotation": [
            -0.0009770623873919249,
            -0.008024337701499462,
            -0.0072600506246089935
          ],
          "scale": [
            0.9999999403953552,
            0.9999998807907104,
            1.0000001192092896
          ],
          "parentMatrix": {
            "elements": [
              -0.9997068952580553,
              0.023624503651196758,
              -0.00529208736321319,
              0,
              -0.024209738973420877,
              -0.9765026936002312,
              0.21414074560490112,
              0,
              -0.0001087687320526444,
              0.21420608722319387,
              0.9767883608782932,
              0,
              9.6792573928833,
              -2.2223703861236714,
              0.1555700302123988,
              1
            ]
          },
          "parentMatrixWorld": {
            "elements": [
              -0.9997066409600303,
              0.024217894999543223,
              -0.00035437233471072825,
              0,
              -0.02422026995817053,
              -0.9996522021843351,
              0.010444692779871423,
              0,
              -0.0001013005668430645,
              0.010450211105317408,
              0.9999454495297447,
              0,
              9.679231463743786,
              103.006685363131,
              -0.30110548235039575,
              1
            ]
          }
        }
      },
      "children": [
        12
      ]
    },
    {
      "rotation": [
        -0.0013582174536519885,
        0.10772147689793671,
        0.9941074042055733,
        0.012029445677903232
      ],
      "translation": [
        9.6792573928833,
        -2.2223703861236714,
        0.1555700302123988
      ],
      "scale": [
        0.999999999895193,
        0.9999999405001598,
        0.9999998807907124
      ],
      "name": "CC_Base_L_Thigh",
      "extras": {
        "name": "CC_Base_L_Thigh",
        "transformData": {
          "eulerOrder": "ZYX",
          "translation": [
            9.6792573928833,
            -2.2223703861236572,
            0.15557003021240234
          ],
          "rotation": [
            12.3652982711792,
            0.30321571230888367,
            178.64627075195312
          ],
          "scale": [
            1,
            0.9999999403953552,
            0.9999998807907104
          ],
          "parentMatrix": {
            "elements": [
              0.999999999999051,
              0.0000013488665966832342,
              2.804003547539701e-7,
              0,
              -0.0000013777031381434259,
              0.9789733073649828,
              0.2039895592969982,
              0,
              6.50239928046217e-10,
              -0.20398955929719098,
              0.9789733073659123,
              0,
              -2.8888229053379913e-7,
              -0.00007629395258845761,
              9.922513299897586e-7,
              1
            ]
          },
          "parentMatrixWorld": {
            "elements": [
              0.99999999991663,
              -0.000010611522199249734,
              -0.000007357673970573883,
              0,
              0.000011889270692376802,
              0.9789738193761314,
              0.2039868095309773,
              0,
              0.000005038359631082486,
              -0.20398680960144835,
              0.9789738194206781,
              0,
              -2.8978721529180085e-7,
              105.21416473389023,
              9.924668498769448e-7,
              1
            ]
          }
        }
      },
      "children": [
        11,
        13
      ]
    },
    {
      "rotation": [
        -1.1213601204194707e-17,
        0.0006902814169056771,
        -2.7707372415791504e-7,
        0.9999997617557158
      ],
      "translation": [
        0.12073326110839844,
        23.832935333251967,
        -0.16243341565132108
      ],
      "scale": [
        0.9999998211860655,
        0.9999998211860657,
        0.9999997615814207
      ],
      "name": "CC_Base_R_ThighTwist02",
      "extras": {
        "name": "CC_Base_R_ThighTwist02",
        "transformData": {
          "eulerOrder": "ZYX",
          "translation": [
            0.12073326110839844,
            23.832935333251953,
            -0.1624334156513214
          ],
          "rotation": [
            -2.1916671144595057e-8,
            0.07910043001174927,
            -0.000031750332709634677
          ],
          "scale": [
            0.9999998211860657,
            0.9999998211860657,
            0.9999997615814209
          ],
          "parentMatrix": {
            "elements": [
              0.9999991747038669,
              0.000016836156609710907,
              0.0013743097076620294,
              0,
              -0.00001679382761535215,
              1.0000002378028368,
              -0.0000308131840221014,
              0,
              -0.0013743103894211844,
              0.000030790075001302364,
              0.9999992935795953,
              0,
              -0.000005722045899325678,
              0.000016584992422963296,
              0.0000028908252712733784,
              1
            ]
          },
          "parentMatrixWorld": {
            "elements": [
              -0.9996980357994911,
              -0.024549018942061167,
              -0.0012883010938748779,
              0,
              0.024534014540441178,
              -0.9996431390053427,
              0.010590259882254085,
              0,
              -0.0015478200961117658,
              0.0105554523083773,
              0.9999433301540088,
              0,
              -9.679706359252943,
              103.00660637653672,
              -0.30109967632925777,
              1
            ]
          }
        }
      }
    },
    {
      "rotation": [
        -0.000015400814722378722,
        -0.0006871550637348754,
        0.000008407496539747474,
        0.9999997637549957
      ],
      "translation": [
        -0.000005722045899325678,
        0.000016584992422963296,
        0.0000028908252712733784
      ],
      "scale": [
        1.0000001192095147,
        1.000000238418579,
        1.000000238418354
      ],
      "name": "CC_Base_R_ThighTwist01",
      "extras": {
        "name": "CC_Base_R_ThighTwist01",
        "transformData": {
          "eulerOrder": "ZYX",
          "translation": [
            -0.0000057220458984375,
            0.00001658499240875244,
            0.0000028908252716064453
          ],
          "rotation": [
            -0.0017654666444286704,
            -0.07874216139316559,
            0.000964641512837261
          ],
          "scale": [
            1.0000001192092896,
            1.000000238418579,
            1.000000238418579
          ],
          "parentMatrix": {
            "elements": [
              -0.9996949770886998,
              -0.024585622330083146,
              0.002395444859333286,
              0,
              0.024527659535342975,
              -0.9764571248377155,
              0.2143117352273539,
              0,
              -0.002929937833886163,
              0.21430509434766923,
              0.9767621943831208,
              0,
              -9.679686546325684,
              -2.2226612567901753,
              0.1554879248142207,
              1
            ]
          },
          "parentMatrixWorld": {
            "elements": [
              -0.9996952572413615,
              -0.024546711463210334,
              -0.0026627094265826382,
              0,
              0.024517129949816644,
              -0.9996429883643962,
              0.010621023976236793,
              0,
              -0.0029224686231550914,
              0.01055250404487773,
              0.99994005012071,
              0,
              -9.67971247772316,
              103.00662278464526,
              -0.30110275836697215,
              1
            ]
          }
        }
      },
      "children": [
        15
      ]
    },
    {
      "rotation": [
        -0.25633494048050187,
        -0.0328699003575166,
        0.03548797525171567,
        0.9653769064846112
      ],
      "translation": [
        2.9635820388793963,
        0.2679462432861346,
        -0.4119572639465341
      ],
      "scale": [
        0.9999997622553827,
        0.9999997163897467,
        0.9999998657037771
      ],
      "name": "CC_Base_R_PinkyToe1",
      "extras": {
        "name": "CC_Base_R_PinkyToe1",
        "transformData": {
          "eulerOrder": "ZYX",
          "translation": [
            2.9635820388793945,
            0.2679462432861328,
            -0.4119572639465332
          ],
          "rotation": [
            -29.852108001708984,
            -2.5946707725524902,
            4.902337074279785
          ],
          "scale": [
            0.9999997615814209,
            0.9999997019767761,
            0.9999998807907104
          ],
          "parentMatrix": {
            "elements": [
              0.9979897042765028,
              0.031086377335611728,
              0.05523498140151599,
              0,
              -0.047094758807286245,
              0.9469278605012523,
              0.31797833887796295,
              0,
              -0.0424187364506283,
              -0.31994029836988064,
              0.9464880001684323,
              0,
              0.1114478111267081,
              13.4315767288208,
              0.5955471992492667,
              1
            ]
          },
          "parentMatrixWorld": {
            "elements": [
              -0.9969194292011201,
              0.03798731036630498,
              -0.06862542871847185,
              0,
              -0.06460169017218756,
              0.09857248433455013,
              0.9930311183462377,
              0,
              0.04448716803681482,
              0.9944048498229439,
              -0.09581484077572996,
              0,
              -9.351139390273335,
              3.112839284123147,
              12.37864742729932,
              1
            ]
          }
        }
      }
    },
    {
      "rotation": [
        -0.059867150562819764,
        -0.0008700857876994378,
        -0.018578079940392265,
        0.99803307669633
      ],
      "translation": [
        -3.8314461708068848,
        2.302885055541992,
        0.0027047395706174537
      ],
      "scale": [
        0.9999998212689338,
        0.9999997027359148,
        0.9999998203440595
      ],
      "name": "CC_Base_R_BigToe1",
      "extras": {
        "name": "CC_Base_R_BigToe1",
        "transformData": {
          "eulerOrder": "ZYX",
          "translation": [
            -3.8314461708068848,
            2.302885055541992,
            0.0027047395706176758
          ],
          "rotation": [
            -6.861365795135498,
            -0.22695960104465485,
            -2.119234561920166
          ],
          "scale": [
            0.9999998211860657,
            0.9999997019767761,
            0.9999998211860657
          ],
          "parentMatrix": {
            "elements": [
              0.9979897042765028,
              0.031086377335611728,
              0.05523498140151599,
              0,
              -0.047094758807286245,
              0.9469278605012523,
              0.31797833887796295,
              0,
              -0.0424187364506283,
              -0.31994029836988064,
              0.9464880001684323,
              0,
              0.1114478111267081,
              13.4315767288208,
              0.5955471992492667,
              1
            ]
          },
          "parentMatrixWorld": {
            "elements": [
              -0.9969194292011201,
              0.03798731036630498,
