{
  "asset": {
    "version": "2.0",
    "generator": "3dpea GLTFExporter"
  },
  "scenes": [
    {
      "name": "AuxScene",
      "nodes": [
        139
      ]
    }
  ],
  "scene": 0,
  "nodes": [
    {
      "rotation": [
        0.17638545047952758,
        0.025487417551660133,
        -0.01967837519381504,
        0.9837943514553
      ],
      "translation": [
        -0.000001907348522678376,
        11.347423553466795,
        -0.000004291533968192596
      ],
      "scale": [
        0.9999998851972218,
        1.0000002878102432,
        1.0000001276582644
      ],
      "name": "CC_Base_L_ToeBaseShareBone",
      "extras": {
        "name": "CC_Base_L_ToeBaseShareBone",
        "transformData": {
          "inheritType": 2,
          "eulerOrder": "ZYX",
          "translation": [
            -0.0000019073485191256623,
            11.347423553466797,
            -0.000004291533969080774
          ],
          "rotation": [
            20.280488967895508,
            3.272836446762085,
            -1.7063082456588745
          ],
          "scale": [
            1,
            1,
            0.9999998807907104
          ],
          "parentMatrix": {
            "elements": [
              0.9939839230736216,
              0.008073743590305875,
              0.10922914015040418,
              0,
              -0.10914306784895954,
              0.1564515596597747,
              0.9816364449519105,
              0,
              -0.00916358768082532,
              -0.9876523893395032,
              0.1563915188988645,
              0,
              0.000006675721129667522,
              23.181961059570305,
              0.00002765655881287188,
              1
            ]
          },
          "parentMatrixWorld": {
            "elements": [
              -0.9934877322925663,
              -0.0076048847283296216,
              0.1136850543163573,
              0,
              0.11014924223284803,
              -0.31930201848814577,
              0.9412296444468601,
              0,
              0.02914191472738007,
              0.9476224843384459,
              0.31806032959941355,
              0,
              13.983246227471431,
              7.1854572117823245,
              -5.239647863818102,
              1
            ]
          }
        }
      }
    },
    {
      "rotation": [
        -0.10641710492430566,
        0.03366104914989084,
        -0.013575527453529482,
        0.99365891461394
      ],
      "translation": [
        -3.4920628070831246,
        0.005256175063550472,
        -0.44920471310615495
      ],
      "scale": [
        1.0000003510357995,
        0.9999997719304872,
        0.9999996359728229
      ],
      "name": "CC_Base_L_PinkyToe1",
      "extras": {
        "name": "CC_Base_L_PinkyToe1",
        "transformData": {
          "inheritType": 2,
          "eulerOrder": "ZYX",
          "translation": [
            -3.49206280708313,
            0.005256175063550472,
            -0.4492047131061554
          ],
          "rotation": [
            -12.28853988647461,
            3.6697745323181152,
            -1.9606584310531616
          ],
          "scale": [
            1.0000001192092896,
            1,
            0.9999998211860657
          ],
          "parentMatrix": {
            "elements": [
              0.9979428937756964,
              -0.029842506017715313,
              -0.0567356816636516,
              0,
              0.04769436375626734,
              0.9370004812832258,
              0.3460575127803867,
              0,
              0.042834145887096664,
              -0.3480516751541102,
              0.9364964719068911,
              0,
              -0.0000028610227218450746,
              11.347388267517088,
              -0.000003814697037363146,
              1
            ]
          },
          "parentMatrixWorld": {
            "elements": [
              -0.9963845383159204,
              -0.05182447587316347,
              0.06731717114506694,
              0,
              0.06591090622202568,
              0.028383024848278093,
              0.9974219327542458,
              0,
              -0.05360152641135632,
              0.9982529669555777,
              -0.024864575729274085,
              0,
              15.233155177683749,
              3.5622096402604795,
              5.440848822058158,
              1
            ]
          }
        }
      }
    },
    {
      "rotation": [
        -0.1334706643974204,
        0.05157006682272329,
        0.0027993418062974645,
        0.9897061551787175
      ],
      "translation": [
        -1.7768245935440046,
        1.1553404331207275,
        0.026117319241167003
      ],
      "scale": [
        0.9999999911731383,
        0.9999995334890371,
        0.9999996382304592
      ],
      "name": "CC_Base_L_RingToe1",
      "extras": {
        "name": "CC_Base_L_RingToe1",
        "transformData": {
          "inheritType": 2,
          "eulerOrder": "ZYX",
          "translation": [
            -1.7768245935440063,
            1.1553404331207275,
            0.026117319241166115
          ],
          "rotation": [
            -15.38543701171875,
            5.901909351348877,
            -0.4737823009490967
          ],
          "scale": [
            0.9999997615814209,
            0.9999997615814209,
            0.9999998211860657
          ],
          "parentMatrix": {
            "elements": [
              0.9979428937756964,
              -0.029842506017715313,
              -0.0567356816636516,
              0,
              0.04769436375626734,
              0.9370004812832258,
              0.3460575127803867,
              0,
              0.042834145887096664,
              -0.3480516751541102,
              0.9364964719068911,
              0,
              -0.0000028610227218450746,
              11.347388267517088,
              -0.000003814697037363146,
              1
            ]
          },
          "parentMatrixWorld": {
            "elements": [
              -0.9963845383159204,
              -0.05182447587316347,
              0.06731717114506694,
              0,
              0.06591090622202568,
              0.028383024848278093,
              0.9974219327542458,
              0,
              -0.05360152641135632,
              0.9982529669555777,
              -0.024864575729274085,
              0,
              15.233155177683749,
              3.5622096402604795,
              5.440848822058158,
              1
            ]
          }
        }
      }
    },
    {
      "rotation": [
        -0.05592695641427258,
        0.03883069564901671,
        0.004883589017472391,
        0.9976675313831013
      ],
      "translation": [
        -9.536741405469229e-7,
        2.348090648651124,
        -0.000004291533513445245
      ],
      "scale": [
        1.0000001122614124,
        0.9999997122649315,
        0.9999996959941342
      ],
      "name": "CC_Base_L_MidToe1",
      "extras": {
        "name": "CC_Base_L_MidToe1",
        "transformData": {
          "inheritType": 2,
          "eulerOrder": "ZYX",
          "translation": [
            -9.536741458759934e-7,
            2.348090648651123,
            -0.000004291533514333423
          ],
          "rotation": [
            -6.404895782470703,
            4.475137710571289,
            0.3104040324687958
          ],
          "scale": [
            0.9999998807907104,
            0.9999999403953552,
            0.9999998807907104
          ],
          "parentMatrix": {
            "elements": [
              0.9979428937756964,
              -0.029842506017715313,
              -0.0567356816636516,
              0,
              0.04769436375626734,
              0.9370004812832258,
              0.3460575127803867,
              0,
              0.042834145887096664,
              -0.3480516751541102,
              0.9364964719068911,
              0,
              -0.0000028610227218450746,
              11.347388267517088,
              -0.000003814697037363146,
              1
            ]
          },
          "parentMatrixWorld": {
            "elements": [
              -0.9963845383159204,
              -0.05182447587316347,
              0.06731717114506694,
              0,
              0.06591090622202568,
              0.028383024848278093,
              0.9974219327542458,
              0,
              -0.05360152641135632,
              0.9982529669555777,
              -0.024864575729274085,
              0,
              15.233155177683749,
              3.5622096402604795,
              5.440848822058158,
              1
            ]
          }
        }
      }
    },
    {
      "rotation": [
        -0.07459339779368115,
        0.04333133072901537,
        0.011704556072422056,
        0.9962034050038029
      ],
      "translation": [
        1.950427651405338,
        2.708465576171876,
        0.2370968610048303
      ],
      "scale": [
        1.000000111462006,
        0.9999996529403078,
        0.9999997561181674
      ],
      "name": "CC_Base_L_IndexToe1",
      "extras": {
        "name": "CC_Base_L_IndexToe1",
        "transformData": {
          "inheritType": 2,
          "eulerOrder": "ZYX",
          "translation": [
            1.9504276514053345,
            2.708465576171875,
            0.2370968610048294
          ],
          "rotation": [
            -8.521583557128906,
            5.053149223327637,
            0.9695790410041809
          ],
          "scale": [
            0.9999998807907104,
            0.9999998807907104,
            0.9999999403953552
          ],
          "parentMatrix": {
            "elements": [
              0.9979428937756964,
              -0.029842506017715313,
              -0.0567356816636516,
              0,
              0.04769436375626734,
              0.9370004812832258,
              0.3460575127803867,
              0,
              0.042834145887096664,
              -0.3480516751541102,
              0.9364964719068911,
              0,
              -0.0000028610227218450746,
              11.347388267517088,
              -0.000003814697037363146,
              1
            ]
          },
          "parentMatrixWorld": {
            "elements": [
              -0.9963845383159204,
              -0.05182447587316347,
              0.06731717114506694,
              0,
              0.06591090622202568,
              0.028383024848278093,
              0.9974219327542458,
              0,
              -0.05360152641135632,
              0.9982529669555777,
              -0.024864575729274085,
              0,
              15.233155177683749,
              3.5622096402604795,
              5.440848822058158,
              1
            ]
          }
        }
      }
    },
    {
      "rotation": [
        0.021329795020043785,
        -0.00015200996232355208,
        0.012945283827849713,
        0.9996886697186919
      ],
      "translation": [
        4.739634513854986,
        2.7642574310302725,
        -0.09370838105678514
      ],
      "scale": [
        0.9999999953150817,
        0.9999995932576725,
        0.9999996935291433
      ],
      "name": "CC_Base_L_BigToe1",
      "extras": {
        "name": "CC_Base_L_BigToe1",
        "transformData": {
          "inheritType": 2,
          "eulerOrder": "ZYX",
          "translation": [
            4.7396345138549805,
            2.7642574310302734,
            -0.09370838105678558
          ],
          "rotation": [
            2.443969964981079,
            -0.04905470460653305,
            1.4827529191970825
          ],
          "scale": [
            0.9999997615814209,
            0.9999998211860657,
            0.9999998807907104
          ],
          "parentMatrix": {
            "elements": [
              0.9979428937756964,
              -0.029842506017715313,
              -0.0567356816636516,
              0,
              0.04769436375626734,
              0.9370004812832258,
              0.3460575127803867,
              0,
              0.042834145887096664,
              -0.3480516751541102,
              0.9364964719068911,
              0,
              -0.0000028610227218450746,
              11.347388267517088,
              -0.000003814697037363146,
              1
            ]
          },
          "parentMatrixWorld": {
            "elements": [
              -0.9963845383159204,
              -0.05182447587316347,
              0.06731717114506694,
              0,
              0.06591090622202568,
              0.028383024848278093,
              0.9974219327542458,
              0,
              -0.05360152641135632,
              0.9982529669555777,
              -0.024864575729274085,
              0,
              15.233155177683749,
              3.5622096402604795,
              5.440848822058158,
              1
            ]
          }
        }
      }
    },
    {
      "rotation": [
        0.17638492233984224,
        0.025302389277569094,
        -0.01970343736045758,
        0.9837987206863926
      ],
      "translation": [
        -0.0000028610227218450746,
        11.347388267517088,
        -0.000003814697037363146
      ],
      "scale": [
        0.9999997659883064,
        1.0000002282054046,
        1.0000001872627402
      ],
      "name": "CC_Base_L_ToeBase",
      "extras": {
        "name": "CC_Base_L_ToeBase",
        "transformData": {
          "inheritType": 2,
          "eulerOrder": "ZYX",
          "translation": [
            -0.0000028610227218450746,
            11.34738826751709,
            -0.0000038146970382513246
          ],
          "rotation": [
            20.280458450317383,
            3.252462387084961,
            -1.712863802909851
          ],
          "scale": [
            0.9999998807907104,
            0.9999999403953552,
            0.9999999403953552
          ],
          "parentMatrix": {
            "elements": [
              0.9939839230736216,
              0.008073743590305875,
              0.10922914015040418,
              0,
              -0.10914306784895954,
              0.1564515596597747,
              0.9816364449519105,
              0,
              -0.00916358768082532,
              -0.9876523893395032,
              0.1563915188988645,
              0,
              0.000006675721129667522,
              23.181961059570305,
              0.00002765655881287188,
              1
            ]
          },
          "parentMatrixWorld": {
            "elements": [
              -0.9934877322925663,
              -0.0076048847283296216,
              0.1136850543163573,
              0,
              0.11014924223284803,
              -0.31930201848814577,
              0.9412296444468601,
              0,
              0.02914191472738007,
              0.9476224843384459,
              0.31806032959941355,
              0,
              13.983246227471431,
              7.1854572117823245,
              -5.239647863818102,
              1
            ]
          }
        }
      },
      "children": [
        1,
        2,
        3,
        4,
        5
      ]
    },
    {
      "name": "CC_Base_L_Foot_2",
      "extras": {
        "name": "CC_Base_L_Foot"
      }
    },
    {
      "name": "CC_Base_L_Foot_1",
      "extras": {
        "name": "CC_Base_L_Foot"
      },
      "children": [
        7
      ]
    },
    {
      "rotation": [
        0.6482940395955747,
        -0.03897512204178659,
        0.03858802164860812,
        0.7594121022965853
      ],
      "translation": [
        0.000006675721129667522,
        23.181961059570305,
        0.00002765655881287188
      ],
      "scale": [
        1.000000114870556,
        0.9999997062323457,
        0.999999761659166
      ],
      "name": "CC_Base_L_Foot",
      "extras": {
        "name": "CC_Base_L_Foot",
        "transformData": {
          "inheritType": 2,
          "eulerOrder": "ZYX",
          "translation": [
            0.000006675721124338452,
            23.181961059570312,
            0.000027656558813760057
          ],
          "rotation": [
            80.9478759765625,
            -6.270880222320557,
            0.46537911891937256
          ],
          "scale": [
            0.9999998807907104,
            0.9999998807907104,
            0.9999999403953552
          ],
          "parentMatrix": {
            "elements": [
              0.9999994828836566,
              -0.000045355684598441726,
              0.0007452761519401758,
              0,
              0.00013483102634743004,
              0.9927135014117034,
              -0.12049997296125421,
              0,
              -0.0007343805146237811,
              0.12050003986297056,
              0.9927132308469836,
              0,
              0.000022888187231728807,
              28.52206039428711,
              0.000005841256097482983,
              1
            ]
          },
          "parentMatrixWorld": {
            "elements": [
              -0.9997996847203342,
              0.018606864931552607,
              0.007357763734074359,
              0,
              -0.01957022813924631,
              -0.9859387875954365,
              -0.16595839849205546,
              0,
              0.004166338917389411,
              -0.16606916741572053,
              0.9861055471340479,
              0,
              14.43692905327963,
              30.041456261627147,
              -1.3924340538710598,
              1
            ]
          }
        }
      },
      "children": [
        0,
        6,
        8
      ]
    },
    {
      "name": "CC_Base_L_CalfTwist02_2",
      "extras": {
        "name": "CC_Base_L_CalfTwist02"
      }
    },
    {
      "name": "CC_Base_L_CalfTwist02_1",
      "extras": {
        "name": "CC_Base_L_CalfTwist02"
      },
      "children": [
        10
      ]
    },
    {
      "rotation": [
        -0.0000036284350252044676,
        -0.0011971579849069777,
        4.4561970871802865e-7,
        0.9999992833994406
      ],
      "translation": [
        -0.00021839140390689238,
        11.590978622436527,
        0.00015640257334048613
      ],
      "scale": [
        0.9999997020267508,
        1.0000002383787234,
        1.0000002980187104
      ],
      "name": "CC_Base_L_CalfTwist02",
      "extras": {
        "name": "CC_Base_L_CalfTwist02",
        "transformData": {
          "inheritType": 2,
          "eulerOrder": "ZYX",
          "translation": [
            -0.00021839140390511602,
            11.590978622436523,
            0.00015640257333870977
          ],
          "rotation": [
            -0.00041585005237720907,
            -0.1371842324733734,
            0.00005156213228474371
          ],
          "scale": [
            0.9999998211860657,
            0.9999999403953552,
            1
          ],
          "parentMatrix": {
            "elements": [
              0.9999994979004239,
              -2.893102553336211e-7,
              -0.0011146830111106011,
              0,
              2.918431697226512e-7,
              0.999999702014079,
              0.000002272263988806699,
              0,
              0.0011146825454283822,
              -0.0000022725878896451834,
              0.9999990807194878,
              0,
              0.0000038146977239250646,
              0.000037252906619045234,
              0.000004887581325441204,
              1
            ]
          },
          "parentMatrixWorld": {
            "elements": [
              -0.9998038212066783,
              0.018792255310843577,
              0.006258612952658702,
              0,
              -0.01957050462528104,
              -0.9859388657222611,
              -0.16595610619935222,
              0,
              0.0030519203049361484,
              -0.1660460333714583,
              0.9861132193522898,
              0,
              14.436924530661488,
              30.041418791844563,
              -1.3924353885650798,
              1
            ]
          }
        }
      },
      "children": [
        11
      ]
    },
    {
      "name": "CC_Base_L_CalfTwist01_1",
      "extras": {
        "name": "CC_Base_L_CalfTwist01"
      }
    },
    {
      "rotation": [
        0.0000011362134846773375,
        0.0005573415255413407,
        -1.4528839195217566e-7,
        0.9999998446845438
      ],
      "translation": [
        0.0000038146977239250646,
        0.000037252906619045234,
        0.000004887581325441204
      ],
      "scale": [
        1.0000001191596923,
        0.9999997020167032,
        0.9999997019810368
      ],
      "name": "CC_Base_L_CalfTwist01",
      "extras": {
        "name": "CC_Base_L_CalfTwist01",
        "transformData": {
          "inheritType": 2,
          "eulerOrder": "ZYX",
          "translation": [
            0.000003814697720372351,
            0.00003725290662259795,
            0.000004887581326329382
          ],
          "rotation": [
            0.000130191256175749,
            0.06386663764715195,
            -0.00001657626489759423
          ],
          "scale": [
            0.9999998807907104,
            0.9999998807907104,
            0.9999998807907104
          ],
          "parentMatrix": {
            "elements": [
              0.9999994828836566,
              -0.000045355684598441726,
              0.0007452761519401758,
              0,
              0.00013483102634743004,
              0.9927135014117034,
              -0.12049997296125421,
              0,
              -0.0007343805146237811,
              0.12050003986297056,
              0.9927132308469836,
              0,
              0.000022888187231728807,
              28.52206039428711,
              0.000005841256097482983,
              1
            ]
          },
          "parentMatrixWorld": {
            "elements": [
              -0.9997996847203342,
              0.018606864931552607,
              0.007357763734074359,
              0,
              -0.01957022813924631,
              -0.9859387875954365,
              -0.16595839849205546,
              0,
              0.004166338917389411,
              -0.16606916741572053,
              0.9861055471340479,
              0,
              14.43692905327963,
              30.041456261627147,
              -1.3924340538710598,
              1
            ]
          }
        }
      },
      "children": [
        12,
        13
      ]
    },
    {
      "name": "CC_Base_L_KneeShareBone_1",
      "extras": {
        "name": "CC_Base_L_KneeShareBone"
      }
    },
    {
      "rotation": [
        0.023111238019017075,
        0.016645364403418107,
        -0.0004692422532648504,
        0.9995942088331183
      ],
      "translation": [
        0.0000038146977239250646,
        0.000037252906619045234,
        0.000004887581325441204
      ],
      "scale": [
        0.9999999399496599,
        0.9999997020176494,
        0.9999997619807802
      ],
      "name": "CC_Base_L_KneeShareBone",
      "extras": {
        "name": "CC_Base_L_KneeShareBone",
        "transformData": {
          "inheritType": 2,
          "eulerOrder": "ZYX",
          "translation": [
            0.000003814697720372351,
            0.00003725290662259795,
            0.000004887581326329382
          ],
          "rotation": [
            2.6487948894500732,
            1.908239722251892,
            -0.009671932086348534
          ],
          "scale": [
            0.9999997019767761,
            0.9999998807907104,
            0.9999999403953552
          ],
          "parentMatrix": {
            "elements": [
              0.9999994828836566,
              -0.000045355684598441726,
              0.0007452761519401758,
              0,
              0.00013483102634743004,
              0.9927135014117034,
              -0.12049997296125421,
              0,
              -0.0007343805146237811,
              0.12050003986297056,
              0.9927132308469836,
              0,
              0.000022888187231728807,
              28.52206039428711,
              0.000005841256097482983,
              1
            ]
          },
          "parentMatrixWorld": {
            "elements": [
              -0.9997996847203342,
              0.018606864931552607,
              0.007357763734074359,
              0,
              -0.01957022813924631,
              -0.9859387875954365,
              -0.16595839849205546,
              0,
              0.004166338917389411,
              -0.16606916741572053,
              0.9861055471340479,
              0,
              14.43692905327963,
              30.041456261627147,
              -1.3924340538710598,
              1
            ]
          }
        }
      },
      "children": [
        15
      ]
    },
    {
      "rotation": [
        -0.060360052959063014,
        -0.0003705899118990838,
        -0.00004512896256708154,
        0.9981765999227156
      ],
      "translation": [
        0.000022888187231728807,
        28.52206039428711,
        0.000005841256097482983
      ],
      "scale": [
        0.9999997616306023,
        1.0000001787740604,
        1.0000001788101711
      ],
      "name": "CC_Base_L_Calf",
      "extras": {
        "name": "CC_Base_L_Calf",
        "transformData": {
          "inheritType": 2,
          "eulerOrder": "ZYX",
          "translation": [
            0.000022888187231728807,
            28.52206039428711,
            0.000005841256097482983
          ],
          "rotation": [
            -6.920958995819092,
            -0.04270119220018387,
            -0.002598690800368786
          ],
          "scale": [
            0.9999998807907104,
            1.0000001192092896,
            1.0000001192092896
          ],
          "parentMatrix": {
            "elements": [
              -0.9998056015164858,
              0.019396594832913543,
              -0.003573458478741432,
              0,
              -0.018868686745288632,
              -0.8879195781910104,
              0.45961144045379965,
              0,
              0.005741952461480981,
              0.45958946437294457,
              0.8881128503842225,
              0,
              14.975470542907715,
              -1.1912434101104807,
              0.5925183892250097,
              1
            ]
          },
          "parentMatrixWorld": {
            "elements": [
              -0.9998053427008249,
              0.018595887006150336,
              0.00661121066358888,
              0,
              -0.018880232306359167,
              -0.9987665741242926,
              -0.04592370242231447,
              0,
              0.00574906218985541,
              -0.04603957874508885,
              0.9989231325191564,
              0,
              14.975455029529911,
              58.52833665189828,
              -0.08260142613700333,
              1
            ]
          }
        }
      },
      "children": [
        9,
        14,
        16
      ]
    },
    {
      "rotation": [
        -0.000006319954778559706,
        -0.000009217153836726166,
        0.00005463185341683864,
        0.9999999984452312
      ],
      "translation": [
        0.00023365019296761602,
        14.260968208312981,
        -0.0006530284299519629
      ],
      "scale": [
        1.0000001787648267,
        0.9999998212259414,
        0.9999999403991323
      ],
      "name": "CC_Base_L_ThighTwist02",
      "extras": {
        "name": "CC_Base_L_ThighTwist02",
        "transformData": {
          "inheritType": 2,
          "eulerOrder": "ZYX",
          "translation": [
            0.00023365019296761602,
            14.260968208312988,
            -0.0006530284299515188
          ],
          "rotation": [
            -0.000724271172657609,
            -0.0010561684612184763,
            0.006260355934500694
          ],
          "scale": [
            0.9999998807907104,
            1,
            0.9999999403953552
          ],
          "parentMatrix": {
            "elements": [
              0.9999996939312021,
              -0.00012671488630217027,
              -0.000011523586157011574,
              0,
              0.0001267147481062108,
              1.0000001705972796,
              -0.000017233923734601742,
              0,
              0.000011525773291419529,
              0.000017232460305562872,
              0.9999999997813225,
              0,
              -1.7763568394002505e-15,
              0.00007736683619441465,
              -0.000005334616162144812,
              1
            ]
          },
          "parentMatrixWorld": {
            "elements": [
              -0.999802710534929,
              0.018722970448464424,
              0.006605516680052782,
              0,
              -0.01900702468833034,
              -0.9987635946954264,
              -0.045940087883961825,
              0,
              0.005737213306028921,
              -0.046056575608386364,
              0.9989224171216506,
              0,
              14.975453538157034,
              58.528259626091824,
              -0.08261030798005357,
              1
            ]
          }
        }
      }
    },
    {
      "name": "CC_Base_L_ThighTwist01_1",
      "extras": {
        "name": "CC_Base_L_ThighTwist01"
      }
    },
    {
      "rotation": [
        -0.000008616595257569912,
        0.000005762340732426443,
        -0.00006335741250877533,
        0.9999999979391938
      ],
      "translation": [
        -1.7763568394002505e-15,
        0.00007736683619441465,
        -0.000005334616162144812
      ],
      "scale": [
        0.9999997020259322,
        1.000000178774096,
        0.999999999996223
      ],
      "name": "CC_Base_L_ThighTwist01",
      "extras": {
        "name": "CC_Base_L_ThighTwist01",
        "transformData": {
          "inheritType": 2,
          "eulerOrder": "ZYX",
          "translation": [
            0,
            0.00007736683619441465,
            -0.000005334616162144812
          ],
          "rotation": [
            -0.0009874309180304408,
            0.0006602530484087765,
            -0.007260230369865894
          ],
          "scale": [
            0.9999998211860657,
            1.0000001192092896,
            0.9999999403953552
          ],
          "parentMatrix": {
            "elements": [
              -0.9998056015164858,
              0.019396594832913543,
              -0.003573458478741432,
              0,
              -0.018868686745288632,
              -0.8879195781910104,
              0.45961144045379965,
              0,
              0.005741952461480981,
              0.45958946437294457,
              0.8881128503842225,
              0,
              14.975470542907715,
              -1.1912434101104807,
              0.5925183892250097,
              1
            ]
          },
          "parentMatrixWorld": {
            "elements": [
              -0.9998053427008249,
              0.018595887006150336,
              0.00661121066358888,
              0,
              -0.018880232306359167,
              -0.9987665741242926,
              -0.04592370242231447,
              0,
              0.00574906218985541,
              -0.04603957874508885,
              0.9989231325191564,
              0,
              14.975455029529911,
              58.52833665189828,
              -0.08260142613700333,
              1
            ]
          }
        }
      },
      "children": [
        18,
        19
      ]
    },
    {
      "rotation": [
        0.0005579839438005854,
        0.23652322718017715,
        0.9715757840707271,
        0.009846190337922897
      ],
      "translation": [
        14.975470542907715,
        -1.1912434101104807,
        0.5925183892250097
      ],
      "scale": [
        1.0000001191629175,
        0.9999999404377975,
        0.9999999403992862
      ],
      "name": "CC_Base_L_Thigh",
      "extras": {
        "name": "CC_Base_L_Thigh",
        "transformData": {
          "inheritType": 2,
          "eulerOrder": "ZYX",
          "translation": [
            14.975470542907715,
            -1.1912434101104736,
            0.5925183892250061
          ],
          "rotation": [
            27.362228393554688,
            0.20474453270435333,
            178.88858032226562
          ],
          "scale": [
            1.0000001192092896,
            1.0000001192092896,
            1.0000001192092896
          ],
          "parentMatrix": {
            "elements": [
              1,
              3.508096561754926e-21,
              2.3017627240028396e-21,
              0,
              -4.188982860425849e-21,
              0.8660255419970971,
              0.5000001182365419,
              0,
              -2.3933661494060427e-22,
              -0.5000001182365418,
              0.866025541997097,
              0,
              2.546482136267514e-9,
              -0.000053405758102087475,
              -0.000002384182835157851,
              1
            ]
          },
          "parentMatrixWorld": {
            "elements": [
              0.9999999999080424,
              -0.000011208803145375638,
              -0.000007633997224168088,
              0,
              0.000013524107723259013,
              0.8660258897975075,
              0.4999993964357628,
              0,
              0.0000010068444313167736,
              -0.499999396493027,
              0.8660258898694587,
              0,
              1.929667002653335e-9,
              59.85641098022948,
              -0.000002382665735208352,
              1
            ]
          }
        }
      },
      "children": [
        17,
        20
      ]
    },
    {
      "name": "CC_Base_R_KneeShareBone_1",
      "extras": {
        "name": "CC_Base_R_KneeShareBone"
      }
    },
    {
      "rotation": [
        0.03036912499492436,
        -0.016815176332585755,
        0.0006244271861079853,
        0.9993971063509419
      ],
      "translation": [
        -0.0000019073485191256623,
        0.00002819299515621765,
        0.0000051856036407116335
      ],
      "scale": [
        1.0000001190247945,
        0.9999998216658388,
        0.9999999400942532
      ],
      "name": "CC_Base_R_KneeShareBone",
      "extras": {
        "name": "CC_Base_R_KneeShareBone",
        "transformData": {
          "inheritType": 2,
          "eulerOrder": "ZYX",
          "translation": [
            -0.0000019073485191256623,
            0.000028192995159770362,
            0.0000051856036407116335
          ],
          "rotation": [
            3.4808547496795654,
            -1.9282525777816772,
            0.01300071645528078
          ],
          "scale": [
            1.0000001192092896,
            1,
            1
          ],
          "parentMatrix": {
            "elements": [
              0.9999994278893732,
              -0.0001494921121479263,
              -0.0010592318797269665,
              0,
              -0.000010307805424743775,
              0.9887947628533335,
              -0.14928253211945489,
              0,
              0.0010696793688241655,
              0.14928243983377434,
              0.9887940777253218,
              0,
              -0.000018119813834260867,
              28.520496368408192,
              0.00000745058150641853,
              1
            ]
          },
          "parentMatrixWorld": {
            "elements": [
              -0.9998002153900062,
              -0.018463213221870466,
              -0.007657620957518908,
              0,
              0.01954880692045608,
              -0.9831065130519675,
              -0.18198874934098203,
              0,
              -0.004168158589951678,
              -0.18210206644939966,
              0.9832709200752594,
              0,
              -14.395227338945634,
              29.976385381542332,
              -1.0396714004702146,
              1
            ]
          }
        }
      },
      "children": [
        22
      ]
    },
    {
      "rotation": [
        0.021324965333331614,
        0.00012708877409838655,
        -0.013566050555679174,
        0.9996805449613896
      ],
      "translation": [
        -4.7344717979431135,
        2.761913537979127,
        -0.0962037593126297
      ],
      "scale": [
        1.0000000577980712,
        0.9999999389526699,
        0.9999999427305452
      ],
      "name": "CC_Base_R_BigToe1",
      "extras": {
        "name": "CC_Base_R_BigToe1",
        "transformData": {
          "inheritType": 2,
          "eulerOrder": "ZYX",
          "translation": [
            -4.734471797943115,
            2.761913537979126,
            -0.0962037593126297
          ],
          "rotation": [
            2.4434242248535156,
            0.04770949110388756,
            -1.5539387464523315
          ],
          "scale": [
            0.9999999403953552,
            1,
            1.0000001192092896
          ],
          "parentMatrix": {
            "elements": [
              0.9979427409718234,
              0.02982553708081832,
              0.056749344595344565,
              0,
              -0.0477021286064257,
              0.9368469056880983,
              0.34647150530650545,
              0,
              -0.0428317591490224,
              -0.3484658695161498,
              0.9363425290162468,
              0,
              0,
              11.340830802917479,
              -0.000017404558094291644,
              1
            ]
          },
          "parentMatrixWorld": {
            "elements": [
              -0.9963836170116356,
              0.051884580481812104,
              -0.06729157216624038,
              0,
              -0.06587823833050883,
              0.028486622566962605,
              0.9974213089812138,
              0,
              0.05366769330591202,
              0.9982471988621077,
              -0.02496556111617987,
              0,
              -15.191053539009195,
              3.560673129825241,
              5.414450989917815,
              1
            ]
          }
        }
      }
    },
    {
      "rotation": [
        -0.10807432674424292,
        -0.03358629863008139,
        0.0137591923536597,
        0.9934800375746293
      ],
      "translation": [
        3.4954371452331596,
        0.009158612228930885,
        -0.44644778966903687
      ],
      "scale": [
        1.0000001163500882,
        0.9999998732103196,
        0.9999999499208923
      ],
      "name": "CC_Base_R_PinkyToe1",
      "extras": {
        "name": "CC_Base_R_PinkyToe1",
        "transformData": {
          "inheritType": 2,
          "eulerOrder": "ZYX",
          "translation": [
            3.4954371452331543,
            0.009158612228929996,
            -0.44644778966903687
          ],
          "rotation": [
            -12.480265617370605,
            -3.655693292617798,
            1.9867937564849854
          ],
          "scale": [
            1,
            0.9999999403953552,
            1.0000001192092896
          ],
          "parentMatrix": {
            "elements": [
              0.9979427409718234,
              0.02982553708081832,
              0.056749344595344565,
              0,
              -0.0477021286064257,
              0.9368469056880983,
              0.34647150530650545,
              0,
              -0.0428317591490224,
              -0.3484658695161498,
              0.9363425290162468,
              0,
              0,
              11.340830802917479,
              -0.000017404558094291644,
              1
            ]
          },
          "parentMatrixWorld": {
            "elements": [
              -0.9963836170116356,
              0.051884580481812104,
              -0.06729157216624038,
              0,
              -0.06587823833050883,
              0.028486622566962605,
              0.9974213089812138,
              0,
              0.05366769330591202,
              0.9982471988621077,
